#Layer_Color=16711935
#
#Feature symbol names
#
$0 r3.937

#
#Feature attribute names
#

#
#Layer features
#
L 0.2684409 0.8996771 0.2684409 0.9843228 0 P 0
L 0.2684409 0.8996771 0.323559 0.8996771 0 P 0
L 0.2684409 0.9843228 0.323559 0.9843228 0 P 0
L 0.3099921 0.5504409 0.3099921 0.605559 0 P 0
L 0.3099921 0.5504409 0.3946378 0.5504409 0 P 0
L 0.3099921 0.605559 0.3946378 0.605559 0 P 0
L 0.323559 0.8996771 0.323559 0.9843228 0 P 0
L 0.3649213 0.4014409 0.3649213 0.456559 0 P 0
L 0.3649213 0.4014409 0.449567 0.4014409 0 P 0
L 0.3649213 0.456559 0.449567 0.456559 0 P 0
L 0.3946378 0.5504409 0.3946378 0.605559 0 P 0
L 0.4440473 1.0494409 0.4440473 1.104559 0 P 0
L 0.4440473 1.0494409 0.528693 1.0494409 0 P 0
L 0.4440473 1.104559 0.528693 1.104559 0 P 0
L 0.449567 0.4014409 0.449567 0.456559 0 P 0
L 0.528693 1.0494409 0.528693 1.104559 0 P 0
L 0.6088111 0.8276221 0.6088111 0.9122678 0 P 0
L 0.6088111 0.8276221 0.6639292 0.8276221 0 P 0
L 0.6088111 0.9122678 0.6639292 0.9122678 0 P 0
L 0.631811 0.347307 0.631811 0.4319527 0 P 0
L 0.631811 0.347307 0.6869291 0.347307 0 P 0
L 0.631811 0.4319527 0.6869291 0.4319527 0 P 0
L 0.6639292 0.8276221 0.6639292 0.9122678 0 P 0
L 0.6869291 0.347307 0.6869291 0.4319527 0 P 0
L 0.7530708 0.7768503 0.7530708 0.8831495 0 P 0
L 0.7530708 0.7768503 0.8869291 0.7768503 0 P 0
L 0.7530708 0.8831495 0.8869291 0.8831495 0 P 0
L 0.7934409 0.3758503 0.7934409 0.4821495 0 P 0
L 0.7934409 0.3758503 0.9272992 0.3758503 0 P 0
L 0.7934409 0.4821495 0.9272992 0.4821495 0 P 0
L 0.8000473 1.0494409 0.8000473 1.104559 0 P 0
L 0.8000473 1.0494409 0.884693 1.0494409 0 P 0
L 0.8000473 1.104559 0.884693 1.104559 0 P 0
L 0.884693 1.0494409 0.884693 1.104559 0 P 0
L 0.8869291 0.7768503 0.8869291 0.8831495 0 P 0
L 0.9272992 0.3758503 0.9272992 0.4821495 0 P 0
L 1.057307 0.6225591 1.057307 0.6776772 0 P 0
L 1.057307 0.6225591 1.1419527 0.6225591 0 P 0
L 1.057307 0.6776772 1.1419527 0.6776772 0 P 0
L 1.057307 0.7225591 1.057307 0.7776772 0 P 0
L 1.057307 0.7225591 1.1419527 0.7225591 0 P 0
L 1.057307 0.7776772 1.1419527 0.7776772 0 P 0
L 1.1419527 0.6225591 1.1419527 0.6776772 0 P 0
L 1.1419527 0.7225591 1.1419527 0.7776772 0 P 0
