#Layer_Color=32768
#
#Feature symbol names
#
$0 r3.937

#
#Feature attribute names
#

#
#Layer features
#
L 0.2467874 0.8553858 0.2467874 1.0286142 0 P 0
L 0.2467874 0.8553858 0.3452126 0.8553858 0 P 0
L 0.2467874 1.0286142 0.3452126 1.0286142 0 P 0
L 0.2657007 0.5287874 0.2657007 0.6272126 0 P 0
L 0.2657007 0.5287874 0.4389291 0.5287874 0 P 0
L 0.2657007 0.6272126 0.4389291 0.6272126 0 P 0
L 0.2763149 0.942 0.315685 0.942 0 P 0
L 0.296 0.9223149 0.296 0.961685 0 P 0
L 0.3206299 0.3797874 0.3206299 0.4782126 0 P 0
L 0.3206299 0.3797874 0.4938583 0.3797874 0 P 0
L 0.3206299 0.4782126 0.4938583 0.4782126 0 P 0
L 0.3326299 0.578 0.372 0.578 0 P 0
L 0.3452126 0.8553858 0.3452126 1.0286142 0 P 0
L 0.3523149 0.5583149 0.3523149 0.597685 0 P 0
L 0.3875591 0.429 0.4269292 0.429 0 P 0
L 0.3997559 1.0277874 0.3997559 1.1262126 0 P 0
L 0.3997559 1.0277874 0.5729843 1.0277874 0 P 0
L 0.3997559 1.1262126 0.5729843 1.1262126 0 P 0
L 0.4072441 0.4093149 0.4072441 0.448685 0 P 0
L 0.4389291 0.5287874 0.4389291 0.6272126 0 P 0
L 0.4666851 1.077 0.5060552 1.077 0 P 0
L 0.4863701 1.0573149 0.4863701 1.096685 0 P 0
L 0.4938583 0.3797874 0.4938583 0.4782126 0 P 0
L 0.5729843 1.0277874 0.5729843 1.1262126 0 P 0
L 0.5871575 0.7833307 0.5871575 0.9565591 0 P 0
L 0.5871575 0.7833307 0.6855827 0.7833307 0 P 0
L 0.5871575 0.9565591 0.6855827 0.9565591 0 P 0
L 0.6101575 0.3030157 0.6101575 0.4762441 0 P 0
L 0.6101575 0.3030157 0.7085827 0.3030157 0 P 0
L 0.6101575 0.4762441 0.7085827 0.4762441 0 P 0
L 0.6166851 0.8699449 0.6560552 0.8699449 0 P 0
L 0.6363701 0.8502599 0.6363701 0.88963 0 P 0
L 0.639685 0.3896299 0.6790551 0.3896299 0 P 0
L 0.6593701 0.3699448 0.6593701 0.4093149 0 P 0
L 0.6855827 0.7833307 0.6855827 0.9565591 0 P 0
L 0.7085827 0.3030157 0.7085827 0.4762441 0 P 0
L 0.7097638 0.7551968 0.7097638 0.9048031 0 P 0
L 0.7097638 0.7551968 0.9302362 0.7551968 0 P 0
L 0.7097638 0.9048031 0.9302362 0.9048031 0 P 0
L 0.7501339 0.3541968 0.7501339 0.5038031 0 P 0
L 0.7501339 0.3541968 0.9706063 0.3541968 0 P 0
L 0.7501339 0.5038031 0.9706063 0.5038031 0 P 0
L 0.7557559 1.0277874 0.7557559 1.1262126 0 P 0
L 0.7557559 1.0277874 0.9289843 1.0277874 0 P 0
L 0.7557559 1.1262126 0.9289843 1.1262126 0 P 0
L 0.8003149 0.8299999 0.839685 0.8299999 0 P 0
L 0.82 0.8103149 0.82 0.8496849 0 P 0
L 0.8226851 1.077 0.8620552 1.077 0 P 0
L 0.840685 0.4289999 0.8800551 0.4289999 0 P 0
L 0.8423701 1.0573149 0.8423701 1.096685 0 P 0
L 0.8603701 0.4093149 0.8603701 0.4486849 0 P 0
L 0.9289843 1.0277874 0.9289843 1.1262126 0 P 0
L 0.9302362 0.7551968 0.9302362 0.9048031 0 P 0
L 0.9706063 0.3541968 0.9706063 0.5038031 0 P 0
L 1.0130157 0.6009055 1.0130157 0.6993307 0 P 0
L 1.0130157 0.6009055 1.1862441 0.6009055 0 P 0
L 1.0130157 0.6993307 1.1862441 0.6993307 0 P 0
L 1.0130157 0.7009055 1.0130157 0.7993307 0 P 0
L 1.0130157 0.7009055 1.1862441 0.7009055 0 P 0
L 1.0130157 0.7993307 1.1862441 0.7993307 0 P 0
L 1.0799448 0.6501181 1.1193149 0.6501181 0 P 0
L 1.0799448 0.7501181 1.1193149 0.7501181 0 P 0
L 1.0996299 0.6304331 1.0996299 0.6698032 0 P 0
L 1.0996299 0.7304331 1.0996299 0.7698032 0 P 0
L 1.1862441 0.6009055 1.1862441 0.6993307 0 P 0
L 1.1862441 0.7009055 1.1862441 0.7993307 0 P 0
